[gd_scene load_steps=6 format=2]

[ext_resource path="res://Assets/Szenen/environment.tscn" type="PackedScene" id=1]
[ext_resource path="res://Assets/Szenen/background.tscn" type="PackedScene" id=2]
[ext_resource path="res://Assets/Szenen/Mülleimer.tscn" type="PackedScene" id=3]
[ext_resource path="res://Assets/Szenen/schild.tscn" type="PackedScene" id=4]
[ext_resource path="res://MainEnv.tres" type="Environment" id=5]

[node name="MainScene" type="Spatial"]
transform = Transform( 1, 0, 0, 0, 1, 0, 0, 0, 1, 25.096, 0, -95.8981 )

[node name="background" parent="." instance=ExtResource( 2 )]
transform = Transform( 0.924406, 0, 0.381409, 0, 1, 0, -0.381409, 0, 0.924406, -160.154, 0.693954, -407.557 )

[node name="environment" parent="." instance=ExtResource( 1 )]
transform = Transform( 1, 0, 0, 0, 1, 0, 0, 0, 1, -21.3937, 2.70977, -35.7718 )

[node name="Camera" type="Camera" parent="."]
transform = Transform( 0.946593, 0, -0.322431, 0, 1, 0, 0.322431, 0, 0.946593, 0.900169, 20.5155, 78.5562 )
environment = ExtResource( 5 )
far = 8192.0

[node name="WorldEnvironment" type="WorldEnvironment" parent="."]
environment = ExtResource( 5 )

[node name="SpotLight" type="SpotLight" parent="."]
transform = Transform( 1, 0, 0, 0, 0.0680153, 0.997684, 0, -0.997684, 0.0680153, -30.8032, 44.4185, 4.95065 )
light_color = Color( 1, 0.87451, 0.678431, 1 )
light_energy = 16.0
light_indirect_energy = 6.725
light_specular = 10.569
light_bake_mode = 0
shadow_enabled = true
spot_range = 75.5428
spot_attenuation = 0.129408
spot_angle = 15.28

[node name="OmniLight" type="OmniLight" parent="SpotLight"]
transform = Transform( 0.860572, 0.0716034, -0.50427, -0.50714, 0.0287888, -0.861383, -0.0471606, 0.997018, 0.0610878, 0.143539, -2.04928, -2.15372 )
light_color = Color( 1, 0.87451, 0.678431, 1 )
light_energy = 14.358
light_specular = 0.206
shadow_enabled = true
omni_range = 13.5495
omni_attenuation = 0.933034

[node name="schild" parent="." instance=ExtResource( 4 )]
transform = Transform( 0.860572, 0.0716033, -0.50427, -0.0815446, 0.996667, 0.00235913, 0.502758, 0.0390903, 0.863543, 10.967, 46.7334, 27.4094 )

[node name="OmniLight" type="OmniLight" parent="schild"]
transform = Transform( 1, -1.86265e-09, -2.98023e-08, -3.72529e-09, 1, 2.6077e-08, 0, -2.6077e-08, 1, -6.30414, -3.68556, 6.79042 )
light_color = Color( 0.12549, 1, 0, 1 )
light_energy = 14.358
light_specular = 0.206
shadow_enabled = true
omni_range = 57.2365
omni_attenuation = 0.933034

[node name="Mülleimer" parent="." instance=ExtResource( 3 )]
transform = Transform( 1, 0, 0, 0, 1, 0, 0, 0, 1, 36.7423, 0.987233, 44.0485 )

[node name="OmniLight" type="OmniLight" parent="Mülleimer"]
transform = Transform( 1, 0, 0, 0, 1, 0, 0, 0, 1, -6.82372, 4.29227, 9.39855 )
light_color = Color( 0.992157, 0, 1, 1 )
light_energy = 3.789
light_specular = 0.206
shadow_enabled = true
omni_range = 43.785
omni_attenuation = 0.933034
