[gd_scene load_steps=7 format=2]

[ext_resource path="res://Assets/Szenen/environment.tscn" type="PackedScene" id=1]
[ext_resource path="res://Assets/Szenen/background.tscn" type="PackedScene" id=2]
[ext_resource path="res://Assets/Szenen/Mülleimer.tscn" type="PackedScene" id=3]
[ext_resource path="res://Assets/Szenen/schild.tscn" type="PackedScene" id=4]

[sub_resource type="ProceduralSky" id=2]
sky_top_color = Color( 0.054902, 0.0941176, 0.305882, 1 )
sky_horizon_color = Color( 0.219608, 0.219608, 0.219608, 1 )
sky_curve = 0.192919
sun_latitude = 147.34
sun_longitude = 69.09
sun_curve = 0.00525556
sun_energy = 24.92

[sub_resource type="Environment" id=1]
background_mode = 2
background_sky = SubResource( 2 )
ambient_light_color = Color( 0, 0.0352941, 0.262745, 1 )
ambient_light_energy = 2.21
fog_enabled = true
fog_depth_begin = 500.5
fog_depth_end = 2741.5
ss_reflections_enabled = true
dof_blur_far_enabled = true
dof_blur_far_distance = 148.43
dof_blur_far_transition = 448.17
dof_blur_far_amount = 0.11
dof_blur_far_quality = 2
glow_enabled = true
glow_intensity = 5.25
glow_strength = 1.06
glow_bloom = 0.03
glow_high_quality = true
adjustment_enabled = true

[node name="MainScene" type="Spatial"]
transform = Transform( 1, 0, 0, 0, 1, 0, 0, 0, 1, 25.096, 0, -95.8981 )

[node name="background" parent="." instance=ExtResource( 2 )]
transform = Transform( 1, 0, 0, 0, 1, 0, 0, 0, 1, -160.154, 0.693954, -407.557 )

[node name="environment" parent="." instance=ExtResource( 1 )]
transform = Transform( 1, 0, 0, 0, 1, 0, 0, 0, 1, -21.3937, 2.70977, -35.7718 )

[node name="Camera" type="Camera" parent="."]
transform = Transform( 0.946593, 0, -0.322431, 0, 1, 0, 0.322431, 0, 0.946593, -8.85357, 27.1581, 121.393 )
far = 4000.0

[node name="WorldEnvironment" type="WorldEnvironment" parent="."]
environment = SubResource( 1 )

[node name="SpotLight" type="SpotLight" parent="."]
transform = Transform( 1, 0, 0, 0, 0.0680153, 0.997684, 0, -0.997684, 0.0680153, -30.8032, 44.4185, 4.95065 )
light_color = Color( 1, 0.87451, 0.678431, 1 )
light_energy = 16.0
light_indirect_energy = 6.725
light_specular = 10.569
light_bake_mode = 0
shadow_enabled = true
spot_range = 75.5428
spot_angle = 18.5802

[node name="schild" parent="." instance=ExtResource( 4 )]
transform = Transform( 0.860572, 0.0716033, -0.50427, -0.0815446, 0.996667, 0.00235913, 0.502758, 0.0390903, 0.863543, 10.967, 46.7334, 27.4094 )

[node name="Mülleimer" parent="." instance=ExtResource( 3 )]
transform = Transform( 1, 0, 0, 0, 1, 0, 0, 0, 1, 36.7423, 0.987233, 44.0485 )
